0.150479
0.0788781
-0.133665
-0.0318729
-0.165119
0.218892
-0.0989329
0.288789
-0.0524559
-0.164153
-0.217856
0.267202
-0.0652293
-0.14608
0.314216
0.103774
-0.0562067
0.364327
0.264388
-0.14962
0.276757
0.100654
0.120024
-0.386399
0.247747
-0.217686
0.0276192
0.420807
0.0710113
0.108089
-0.0123549
0.184776
-0.300732
0.258386
0.346438
0.0230583
0.240702
-0.123776
0.0748211
-0.0188213
-0.18835
0.396592
0.138524
-0.148165
-0.285734
-0.160332
-0.108541
-0.211521
-0.11457
0.139782
-0.0699649
-0.10166
-0.03804
0.249879
-0.18238
-0.157897
-0.229996
0.0328756
-0.244043
0.13846
0.236664
-0.186072
0.192952
0.0184229
0.0370488
0.184701
-0.310568
0.0285143
-0.0211409
-0.0971042
-0.133627
-0.310072
-0.0312288
0.22937
0.0303394
0.10324
0.300968
0.378425
-0.0261611
0.0399699
0.167534
0.224553
0.067905
0.296652
0.138574
0.118971
0.181572
0.147748
0.313798
-0.232148
0.192582
0.0295331
-0.0343438
-0.19377
0.286287
0.197464
0.0388201
0.226323
-0.0885355
0.176637
-0.118461
0.000126064
-0.147777
0.282587
0.0194476
0.134434
-0.0419163
0.245448
-0.0988024
0.148808
0.173871
-0.0270854
-0.113337
0.0805909
-0.266958
0.339853
-0.0295156
0.0632113
-0.128749
0.069305
-0.0689352
-0.0109608
-0.0749106
0.068031
-0.128144
0.136736
-0.331741
0.200202
-0.150985
-0.0289744
-0.337534
0.00294313
-0.00412247
0.204828
-0.12246
0.111572
0.0597633
0.094033
0.16804
0.124682
-0.124519
0.216372
0.217525
-0.123749
-0.16032
-0.19873
-0.134084
-0.138905
-0.0891054
0.00135777
0.130075
0.109058
-0.062538
0.270263
0.243679
0.179977
0.290139
0.075869
0.0576271
-0.00730386
-0.149784
0.305412
0.0453729
-0.2478
0.0508751
-0.0578816
-0.0710417
-0.102472
0.00802138
-0.266293
0.00616513
-0.120955
0.253228
0.225954
0.121692
0.0503881
0.346212
0.218076
0.118266
-0.322183
0.0954215
0.200132
-0.0624028
0.470624
-0.118164
0.113231
-0.0304658
0.210862
0.0246822
-0.0733237
0.0460075
0.155594
0.125696
-0.0156819
-0.129861
0.103578
0.0664229
-0.151033
0.1668
0.0870365
0.0276922
-0.246239
-0.0638831
-0.00508092
0.0670345
-0.0370988
0.295761
-0.302785
-0.152589
0.260031
0.121419
0.0914737
-0.143638
0.23049
0.0433239
0.0692901
0.188143
-0.0995663
0.177277
0.221003
-0.0908733
0.0884865
-0.209964
0.101424
-0.0484325
-0.287665
-0.333601
-0.140219
0.391296
-0.150222
-0.190097
-0.409443
-0.0365826
0.241325
-0.173561
0.202694
-0.548536
-0.357125
0.183615
0.119582
-0.386231
-0.0713629
-0.434388
0.0866385
0.173967
-0.208188
0.183169
0.0203282
0.242805
0.125435
-0.237988
-0.213495
0.152114
0.187153
0.109733
0.250569
-0.205949
-0.0157015
0.216781
-0.224264
-0.0129949
0.0105309
0.00389949
-0.149799
-0.144115
-0.425151
-0.174973
0.160987
-0.00554101
0.115294
-0.268156
0.0268019
-0.401129
0.181836
0.0356444
-0.0349779
0.168613
-0.146728
-0.134539
-0.043522
0.119023
-0.121054
0.00500582
-0.0709728
0.245008
0.25118
0.156132
0.136027
-0.0733805
-0.120844
-0.198283
0.22021
0.28273
-0.0659825
0.0946735
-0.130325
-0.290057
-0.095827
-0.122358
-0.114514
-0.106436
-0.250748
0.0588938
0.000375995
0.0223515
0.0785032
-0.286787
0.136601
-0.358062
0.161933
0.0694048
-0.0329298
-0.359496
0.0256575
-0.236858
0.0161404
0.212621
0.204695
0.0378941
-0.0892652
-0.214094
0.0667399
-0.102139
0.203476
0.0139198
0.0362216
0.0269502
-0.0286309
0.0503914
-0.0597347
0.17898
-0.226942
0.243609
0.20317
0.222478
-0.00856757
0.0394401
-0.233223
-0.0464482
-0.198666
-0.130607
-0.161873
0.198781
0.123122
-0.191043
-0.0947967
0.13725
0.182707
-0.0346622
0.316704
0.181989
0.179182
-0.203355
-0.456285
-0.219439
-0.296587
0.391519
-0.109608
-0.204873
0.304146
0.246937
-0.164638
-0.288068
-0.495436
-0.344009
-0.0850804
-0.162532
-0.00809497
-0.162398
0.324034
-0.0344573
-0.0397678
0.0314025
0.0529407
-0.248092
0.0881173
-0.197303
-0.108283
0.00997326
0.0482356
-0.0518259
-0.359528
0.0303542
-0.514778
-0.434019
-0.056077
-0.240103
-0.173815
-0.167972
0.209387
-0.0423965
0.0914837
0.146876
0.0685506
0.159591
-0.441424
0.0692791
-0.0655904
0.143355
0.359102